2323501513
62533
66476989
715964733606768642
802699735
1641065208
172179385
20219565
66998391
4288099702
775449094739197953
17013577
947894837218492416
28049003
2237808535
574405888
32513057
17119766
2957665720
14715942
882956199112650752
99741440
6825792
15823641
2176211192
286992209
365145609
17797084
748528569064710145
16295662
25220410
851509780044795905
1214528593
121413335
14173930
24223629
132594322
1965481448
2743000744
20291638
117122683
756475
2492917412
798630533815275524
543599375
186667011
25471555
23653823
15985111
31681580
217320827
192589318
691353
137703483
2167286587
23508584
69706992
20609587
270184079
2318294136
1580599100
14475298
2876866268
15199760
14650130
174251966
101836116
9963832
2189051539
783324
24753328
504906590
2493054620
2805856351
87503960
520509510
762606919
26947239
16752757
274609987
102356989
516134483
47509268
92116069
897861037
2416252063
22581994
1232021550
17293820
3894023359
380268462
9318752
95551818
1894632307
19476868
70174894
9286242
18549100
104513715
180493678
203702329
17205434
16463078
928523238
5548952
1396698186
19595914
22186723
104246788
29685306
17875198
2262189280
1092651133
1056130562
13983912
351422048
3035183724
18415109
1894231788
1872519374
19551341
232096667
476391617
85649579
113998443
17055005
1653755071
14058843
17892496
2729061
210056653
16488603
240790984
206196557
366924659
2546241516
563325998
20653672
27281534
14192767
10755542
26246606
1241577835
2169666894
7548432
16210968
232294292
2752197439
19209276
2586475244
553948069
1444637977
15594986
2887206599
323973372
14980129
29285832
1323419383
557961657
729149466
30966227
98588767
89583009
5502502
117543420
14903327
914699131
118199605
38978289
14636374
2657787980
30390019
2427632078
18751963
14794913
44903491
14046504
38013977
31376386
18720978
225146537
2438727205
80375074
3961541
2374526281
108492761
2180711654
84197850
2359425668
1969200246
23476681
2328029358
402158688
709313
2919151
2294984438
1370387143
2243116610
2191273256
15571577
79738756
442057752
228768266
251623181
23238710
78723806
1511299686
519720755
2232249386
16391453
10264122
128382582
2153401519
1930971006
16623443
55643029
17309929
19968025
145829259
250722404
1666171729
378272434
541136693
287903698
415860695
58524428
233842454
228077059
57549688
805570
133826235
43448484
59580688
563819203
333517999
27690984
17965161
282814612
1387493311
2261261
1339328684
333425081
16037384
1266209922
19478716
1023698377
248957200
252531143
7845362
27707859
18950544
189619479
14097951
326369670
328712209
804412506
419727770
19254781
19374863
11107172
13404292
27245426
309145324
128287094
20411881
117944986
354715342
15770165
17877122
477336353
27103822
182101428
11037292
582233100
5612632
30331417
391408747
289028745
125154376
24500377
24775576
361274861
35766606
10834752
26871191
22136002
8839152
18400880
204982635
437593607
14428289
224079521
49700792
371017223
16327826
41123
9172102
15226458
20489155
31210805
80944765
10670192
17595439
166361173
297422541
15679924
39621239
272087231
15939396
16017961
46241234
16352993
21097230
266329170
35633092
70482598
30757382
87063281
17029640
1536811
4934171
1874221
19307935
89709482
16317567
156121420
133022410
103017257
44470276
35757252
15039632
28494014
11307222
5202671
187211434
6114752
8548612
92585251
176664765
62457660
38717526
20406724
12206102
1175221
4517721
169344116
5834292
164365747
27189600
25160944
5708292
141493973
18821901
103516873
28429455
41078332
18710668
17241749
12774702
29544159
94825622
64734333
2228471
54789642
14357273
18000187
9946842
32206597
36838487
16191556
9888122
6168682
14494894
8919762
53165437
19285531
9831802
14087212
14852295
40915045
16228337
23556252
16657207
21514194
20619972
21685395
14719330
16334772
18822617
633
11388132
14344786
4816
1039531
732773
7002642
993154451065180160
2966710660
23882551
161435113
2834664028
3145373241
887887129006661632
705412020854661120
26132851
61893269
18881578
4658131420
962087357540421632
979690603398221824
7652062
290136953
840312636298395648
2462560687
25267768
249547283
17985093
56177864
214724264
23092662
2320499848
38382993
14649926
2191317690
367389815
836814477454630912
972883494534811648
195980448
35282755
109104533
825531407971733505
2215188868
900875949905821696
107159797
2322983671
2246381850
37332714
357651165
2287536096
713376023233036288
389167264
195271137
769342465488908290
46302096
966432496991854592
356336253
4928674469
984847053930029061
919619794638385153
292205660
3478921696
172645567
2150911342
2280108378
2530413180
2285746465
1578166069
3266389416
3028424322
552397089
2286629740
1540641596
1647916304
986123312
1383132374
39791242
1692529544
410430068
986489167273226240
156091478
169686021
450230722
123330499
94338259
878247600096509952
983737683070484480
3379000853
18088737
1490831354
267224094
251658172
366174486
253412119
329893820
485305154
1358190284
704184617239244801
1416624992
3361364343
500395293
1173647137
555465278
411138187
419121488
513738256
3008204518
37123102
440051422
278388255
46833787
22466024
874636442290577410
26516984
48849924
47161437
347312698
37276054
235833507
934823081138360320
64888009
251702142
4641585829
962393460237103104
810703420906733568
881813754895187968
970438256595582976
3298340171
703162249595097089
973668463658127360
930426229487960066
274987534
375670721
2594700366
942498939701465088
854844050356277248
4250696177
818180184792764419
90095209
963790422832287744
3369980337
4895192895
129760709
978770591787442176
982977895931916290
950760661562351617
904916103482138624
601533329
752931843532464128
979053099485712384
4323163217
986260592171323392
966030636434604032
937072485656289281
1413103778
3271398049
873708180324446214
971350210613075968
987057132628426753
624866966
984592314122293249
982982872863793152
983052206487171077
969635193475788802
812743411081957376
952734214914371584
919377045062389760
981532523250401280
1026731449
2527365522
3298753656
2238069787
536610947
4835980737
3887833337
987724703426105344
964666394632695809
865137531326652418
742151583719260160
980746552758226944
960286426746236928
941854286694232065
945154062810411008
988550638731702272
2241704871
982297048513904640
977165333017571328
4613602115
596909779
818215954027048960
985949768827404288
860017812982706178
841135894178357248
2435057143
979688657480306688
824139759136206851
937083826832109575
943483258121187328
861129035400830981
986850296499322880
4262273055
2937547727
384752752
2433755592
2465524875
17105738
939454137258954753
3119762208
831468866979102720
855418822781616128
941169535306133504
982579410057412610
3599963778
980937214342385664
3092614811
739590341720956933
743588109309313024
725355445
986822537421111297
964976332332568576
892750406878732288
3399504328
919635288804249601
948532177494421504
841160037263319040
772224411059576832
941186815431725057
898682924622630912
4409892345
982007989992173568
978529959047323649
958109192266526720
983197455318700032
3335962745
166964505
943863588246171648
2750058702
246579347
826640074716557313
904883799946805248
818953090372136962
2344874514
982496202590597121
985143725235101698
2934505289
743439864171995136
925970895059017735
3008595046
923738656220831744
978930964637331457
943632348033224704
972890575828434944
970027261398102016
962104671358898176
838467218572722176
846868219428245504
487515115
942502775086354438
978489875052732417
2422809204
888334403323084800
498785385
769705701224525824
757724924609961984
973105344015753216
2437026954
3413751706
871415497362997250
2790684647
952333842744053760
701024433201405952
973879205317419010
970710514794840064
982557415798394880
578022245
955059509579333633
895392296316829697
1071355508
49849874
3875004736
173038073
985415597025570817
976385513669132288
765619105852452864
4509559283
122099198
955419943297691648
1378217570
966884521986613249
982121343708643330
3273564260
2618797484
950222590018183168
2798809075
975721604494872582
3157930923
983878264388313088
773619547710615553
976184272099987456
440550062
217198042
713362608246636544
987551433397485568
838811147373588487
983057011171516416
2928108217
869936852928577536
907003733690773504
875965617886552064
949920018292076549
802166057129672704
418247628
3189184688
906238617323954176
759842203
1153326895
27971300
2743935876
885646623874859008
985942590649401346
983686238862434304
981811474992652288
894622452118061056
971731595903324160
982099109984092160
973451696473915393
984208329873526785
981007431328133121
2977124512
3237575827
980429748013854721
2811129937
39689311
716783171120005120
2363364176
976186217711722499
880064905080188929
4836968494
2298639049
983370577569345536
3354565378
980540324245327873
980049145741312000
960803009084223490
979432967201284098
1925870070
758675670998380544
935618498050625537
984678739832332288
910948235551940608
60950105
755154053194248192
3279980642
949139262527557633
985986334560018432
382772828
977072409672015872
506128819
984896307591569410
772484946489466881
325547321
969316915905728514
942881708608647168
232892945
937317923659563008
960683670393835520
1132335666
986981393325584384
625532273
946239556856057857
980957540010872832
47165705
3449889862
900964651285884929
870834585227087872
975453981034954752
2858074289
976795745125916672
835996038242713601
846043963681255424
2348964931
975032474156675072
855651032138993664
742914362768232448
155534274
624894789
1127903838
988167622649884672
3351401895
829686385699385347
785451174749212672
983505151737630720
859894439388430337
923352925237280768
846264258832818177
3365172803
743515755530969088
939117324233297920
959513539588317185
3972869775
65540491
858468764542697472
1182673374
310942976
133749041
146597153
29763005
981693142956216320
811499538850709504
986343612920356865
967111763778068481
297042560
3502971736
975531720723267584
2865209165
4276357528
933014838338555904
970456996163055617
939553803535339520
197459342
199160135
948590755488157696
951878017793474560
977870379267100673
853726983263539200
451088279
922591825529135104
33615996
2899726106
1374688616
987451842966646785
2883371218
321645477
953283610647384065
966894875420499970
873048391168569344
2440572577
958047367667834882
903045455575212033
813572568242327552
955683085047169029
862289124421754880
955792434591649793
745106868364664836
922136733352783872
887453144950722560
977134632360730624
958221623248801792
2995239259
787664741711880192
222903446
46650725
346800942
968561542974312448
973327864698417157
23875527
963125171287666688
442035340
1890907130
946835581505626112
3208071089
2732819485
843600248345935872
30974329
979015164438679552
75464415
880812045620436992
4205504595
979063840976519168
1028067528
969659960610185216
187329340
1344070950
969979620664758273
2800728197
946712577060556801
767833389248475138
2225740183
118973074
34217757
940432679840993281
15900423
133884753
500317302
768120325041188864
942194714844917761
927806703730651138
899078999472787457
3322686054
3149493163
3005573105
1422676207
881318381336616963
1855817592
797099929017663488
953322208557846528
916337481783668737
949774918555709448
3131532136
25416812
2812382824
946595018554335233
181291137
950766131505229824
733169052181352449
1616261912
1515079200
17176686
2345171072
918953928456368131
2479203326
2907858267
945537934488305664
858742047473360900
394408327
943179488099147776
1601475733
938953632313065473
946297370446319616
346425157
945774313780604928
35158560
926027896711450624
838823457613824000
944403803977248770
335321570
273776263
4780020147
951804114786242560
839773305443860480
976265298499198977
43080058
254496536
779418256574676992
4328466912
2391403010
807549813206159360
975430755630440448
937512949882720256
951884625361633280
977526818541654016
4903798823
870312812123267072
47683938
304856756
977260599502454784
150257606
968894150375428098
970371794497626112
957791965952774147
906563092883976192
809584619712606208
871902354374832128
774399397
341845245
348076666
434012128
947196015739850752
986676027106603008
60351302
2368349384
2636018716
43283871
904359986532376581
955685502
1173776250
63969957
980531871531515904
2915170789
983051032690176000
988047110707834880
949150404553527301
280784552
92567638
960412281120153600
2184886582
339662722
562088681
980200589555462145
2877450161
320330997
272052054
796574815800860672
975697377242697728
3039790662
967534603652255746
794405164371185664
24981997
16690827
928288423575728128
20505482
971696314466611202
74720301
987903742182875136
3295951660
56581181
550511511
3959418797
894614310277828609
2160276897
787852411
820607108576083969
3404820603
983838200652353536
958526407335800832
843357289
599994540
38252648
320396109
593974385
1611828001
971884562023440386
882551683
35249654
128330304
396700812
87607534
68754928
957350830692118528
917623664757149696
987765740676640768
3005437267
373670995
15181879
802415986993491968
882684124087156737
969834434601082880
1206502069
977272957008596992
936060355939323907
37761065
960618214093967361
1169127494
1013768167
964585473346818048
362001733
981170404575334400
3896748972
117858975
961763981877706752
779386950440452096
951684220736417792
25916580
862877511864250368
17461996
967081440147050497
1335895868
953135238309298176
2275929971
863172216502059009
746823992158326788
2988876414
2514454370
24293575
422310138
3097387816
2457275779
903063301646675968
789252880456822785
1368589166
2279552935
509145244
69355754
270702258
114668135
941321086301589504
2891251566
2925003482
2634909914
950407450750054400
1118330528
1615788481
971082502390480896
704459514716823552
4774751417
2976636423
933504299832930304
902974293834911745
973285521857351681
981611939888541697
122130325
1720390080
334234032
4551935275
186196323
1493347626
1705511328
342228317
1920370272
3039379677
17969429
925897384911089665
31234578
296109068
11616242
120770359
94126967
2279483052
247030083
175393724
793616220
15938319
25591854
267647299
41628210
885332183199621120
1512007627
778036044314783744
868171516952838144
3599964802
921767596503973888
38934188
34469901
851552728966975488
449941025
4491978732
724020057395871744
977473650105438208
863747349511897091
77916713
232216315
225543441
372313243
34518969
2212823400
888583726002839557
729023668471369732
32541150
925228040510103552
899516313772597249
1666292210
157862532
408025000
968865523566956549
2943395824
157038778
938452822319947778
715641112602390528
950542733697003521
827278796688547841
86845184
701512344
3496834514
1570999332
75605409
29498828
106651954
878508431300231168
1279523396
1214603726
55144333
958896522082467840
1577595114
17348055
956496349297602561
2343331384
897199910184943621
65434766
2674122005
876895145916071938
837329552988856320
2304472807
152107059
426510586
781734521779564545
423735993
972850722277613570
896018822
103051875
2531106750
757767755596607488
455868388
3381423016
2618187466
1347537906
703747873
3255025526
3402063087
23793305
22523980
140402937
1732237957
3415341334
973018911749808128
58265927
246948424
72018872
313475671
31131665
244603745
4760536933
2347720135
25915606
3568548252
128308759
14988329
979076175887814656
971550964556664832
396449724
866665922
789341424
976505587231023114
2377371236
796806780496019456
1021510609
1012894531
940322488449413124
28131693
446472753
943173715445022720
2799236640
516945398
2256177974
54754227
33408712
364065711
425424560
331444210
1601425884
795707316
24944653
4904160478
957479891095531521
982075556392062976
2252629956
846000406828322816
454452000
2441830290
338033930
4299686960
326515284
18068190
436429284
211938570
707379166954463232
973134560144715776
158596603
492555228
2525857804
4732035271
2259535579
111539766
17507973
2715021897
340395396
964693504227201024
868202849242673153
2346543529
75821980
1548417091
89252374
1401004081
719652142856843266
3223651772
954609841548378112
2862017749
834652665011331072
4811062366
24331870
977253009263534080
969710355374071809
1653713514
930370890
706134747873939456
768405752
1567281486
954431867444453377
754073900942659585
1390382708
40774076
744221617803370496
860683303
827293598974693376
2455905482
119944972
54725578
702003816
1528574520
397903149
2466791745
3959901315
119224530
158148734
286926426
839890507396444160
43764583
2944708909
388086259
549682818
331159800
67817875
623913237
428744217
18791012
143239904
715563841099272192
984874315752656896
35598897
2588191328
50478053
141271480
211939095
366843760
928098574038196225
422174727
26642766
204109455
77862294
278324085
246050341
3093140798
27749838
403761602
2602716716
21549852
959528870
98571302
149913467
407434394
986689980792795138
860133475600527361
25432366
231555086
150356596
965195995
211332550
841406960398405632
1530089953
859410048778469377
861386460
26247973
713173213371637760
3377494101
42409350
248431785
3186424881
318488583
847690171042603009
23139058
237246325
3250103534
370051899
315260724
954129329646178305
3153979609
18980735
199765213
272416992
497610340
2758281303
713920225830416384
2248618104
309122942
179378451
60180266
301628782
43578921
2404969567
27373075
103464104
895033447894351874
722803453848735744
982325564232085504
93900699
1549044684
390332338
23719888
738089170325766144
111714317
162575921
843251560264208384
885041218882871296
46504847
457834402
392021256
28044623
221025032
180223151
3035691407
69574375
968962074390024193
382813825
487894321
2564228143
456748235
294247099
145787470
980379085267521536
796208804828299264
961088628037320704
21689830
827072430489284608
325802876
937271078715625472
2553949694
942369352522915841
60958796
472101578
424582860
75653678
957859141522948096
233049075
3364376464
146337188
91489200
133255587
383289581
20509638
936450642
20011662
262641807
380487157
351542559
104314869
1479292129
830980785821859840
52055276
14847675
991895048760582146
407757254
75673231
26230756
809273
176991766
234435858
484996171
197365064
414399556
41335446
45040068
3473411475
21318431
874210415777112064
48713892
182493489
20979101
335348201
68788076
104050856
308419468
141304070
299558731
886887783805091840
50636347
61498632
1221920665
4318315541
846350990613893120
615927039
771307954842632192
2965745818
2409580810
905993768624472065
22631958
23810260
100610543
7404632
406820061
18732859
20910977
14145846
5427422
17214580
104710814
14685648
444802934
17798223
673203
9679032
14264639
15649294
37922233
12165152
22907807
197444594
19108462
31951067
5578222
183546299
9403752
18133020
15143770
15874838
2992880664
9341982
3476724493
164209237
1133539693
83252988
755452
37776670
836510570
370984212
12092012
16578473
90590619
1017468864
478502804
256578792
20470318
134748347
2817724502
3320630791
28775979
20706964
731483577012125696
299143293
811217
198599803
2224254062
21179268
7378422
21619719
7014782
159110713
14196970
3367329292
84043161
1267077732
17855050
2335819230
69303932
49967601
88685879
1686211
651953
271004511
330019680
3318105074
2969052836
86955841
819644634595020800
122765631
963048169365037056
2892545863
1173325098
905961322310885376
27579104
21897175
155221979
20039389
64679752
5660312
56800772
46096376
356447733
206879035
66985184
437387794
535783927
2816186833
33799012
81333564
17575069
869914029518663680
201980592
44663631
883370717412298752
2915339128
157690786
104520454
218309123
2208650906
19575406
3121485732
2977987943
44058310
16984017
20584612
46063
208725869
5943622
75941724
2372608140
1161966319
69858618
706155702184611840
627782257
1889846168
2464389643
547088590
935378414
2339240085
85626267
1077617352
190383926
214008323
702996913
284727894
342963701
22211318
506433120
520382617
1455431
1849349096
636827857
1510612531
718173458732072960
39455725
235237905
720504909716701184
108732406
73891680
2920613513
2278311074
2168467328
73897561
2327574894
23774330
753535538016157696
331765022
1878440263
13090842
3379244896
4180822515
144524144
198785005
2250434100
2364221209
2276760961
83995135
29974646
22141824
1255448815
2975134426
3978925523
3302152606
2437792460
351930287
1090315298
34714943
1062617552
2438173117
1953648950
4277265863
1389497179
26226279
4287337822
2882431042
34181507
488349425
409551566
480049675
384600885
262940517
271996018
750532897
712016577567264769
877807143084273665
444522096
16707004
1063624591
743105826953383936
361729877
17163609
35203319
29735775
789969122
135922295
790839139939782656
973874472930361344
138093638
780210038107279360
399295233
2390607674
1426959943
3307212027
39797447
146099195
2652410137
755199745329684481
1127009222
1952993282
117037258
32191327
17996524
14413568
17759351
22802722
15234007
21965471
770781723575525376
23116060
2835707324
739752670752346112
18681120
17790274
20155502
802989770108497920
818513340662169600
2694661456
789498646995664896
436284722
298625330
1917692726
59160401
824646079295660032
552485498
21850720
15246910
763318312818401280
879808615573581824
4838325357
705421634790932480
785099695895015424
235684766
2484641696
10350412
16656646
590256908
4274858775
824909099007488000
23424617
42197349
26716467
21991908
1536103471
61449317
1955188266
8287602
11690162
2259518334
2840762823
85509895
737263795752587265
818490289581133826
3084154546
94919897
943852796880834560
70390141
261659015
28661001
18805409
581649432
1194696751
267170137
776019398180077569
1141258524
485661489
839441319823097857
2485666802
175420754
195842745
2362651369
45968664
1886108436
466450762
776436115687501826
773800317792256000
708578891502391296
709510041339035648
515845887
1871701320
832523469774585857
249077938
925229364
2231622835
884816237557108737
711993261397639168
415412685
2185294578
935538300861014016
24059428
446643618
968478625518489606
102375372
4858065226
476222880
323624700
18767991
23153991
1452034232
485747600
100035920
14730185
3375487216
170382026
315049219
1529231353
765071010
17779657
2284131
14600151
1478204994
2221540592
861548858
278975121
69660988
2215842624
279323768
18359336
14757438
2905676102
166248847
68473709
139072748
918064531355590658
278714289
12912562
204484681
42946251
625066863
76014392
942703906739671040
90412353
230597395
908567165254508544
90024475
20967403
272097475
18310758
267721016
24499115
60410462
198034541
18790031
17424617
20819652
35823189
18818296
19988765
358905141
23919891
568806410
44618343
35523686
19029306
201531255
14083628
361468994
81433748
354582942
1410422706
748050929551704064
825667662403497984
3900869914
887447702
1197315655
2377895496
2218697421
1644683106
70679409
226940811
2460216512
14160471
19284516
1341462944
2795963903
277538877
638473
827078338820833281
238615091
32878258
20943239
1279618789
2365161481
562394282
182042611
1066471309
102493828
353962723
220148828
14717311
183562840
968103885985468416
310766527
15620557
989290147
16870682
17845789
20522531
20927186
24541174
776150730721951745
750282011160481792
740115985
381618637
414056939
33821285
60725694
32271789
35595347
80032312
107432435
400848027
2811769316
14975122
2148798403
201365888
15108801
27934445
39395795
842500173200855040
276900727
82303188
69864648
2298341256
42208855
409572255
15971444
4771632673
27488836
594014827
2995375484
279720230
155628368
356207478
52628882
885147892167606273
19053668
17313147
26094365
454985137
3395587043
22481214
2675509484
522468677
47144732
22065346
14205576
844519205525491712
817337638369824769
18074047
764937913263984640
26525599
128522006
719472337
136998623
790904972695203840
16438898
49570157
1858789261
566566260
14698803
20134663
86107125
328694250
1465435465
304979847
171879536
20244875
17386885
19562228
17336417
527526077
798678961
918765176
337074299
3759885028
1685362650
778277107
3069691871
492991594
2272330429
301054898
1084443319
795339571299024896
1119937044
202590356
2800581040
1051396218
19084896
37592457
1499814930
153313397
746395204975005697
437768991
895306069106245633
725255456927547397
991370125
239287698
1048991413
437007625
81619494
2388081456
229484262
389430862
941569954738003968
74928931
125524947
929948594345410560
21909785
65299623
745204868793532416
940927924919664640
33381739
380063086
73681375
2906573317
240231918
753914814947360769
2504519304
3386071821
4586502202
21517429
228049034
381187415
167817047
45519183
881984203390418944
448007746
344464542
406021118
98335169
61173868
812322016086913028
108365156
251963662
96581388
1039131138
406694404
180428364
1491157488
703605788200275968
577032659
4008614116
3393414478
453403851
347978411
254763327
310673887
226137180
184522778
4029962838
122179530
15404388
15999014
2908107542
138414184
611724094
1183273057
633960226
118115748
14855250
820489324235894784
442039863
1660862130
1075527001
259806870
3114422673
17995706
42909648
32896052
1183685479
950723993161658368
704915190354223105
147518360
986106360
58460028
1304696558
829718612357246978
298704683
26987328
113344545
18275923
11215482
249430498
2715468595
193090142
449031957
344886832
209004862
14352372
167443687
1579628012
2361291542
519382722
921750230839721984
383388051
344277256
920865725476196353
16256984
170693534
138757175
2424352724
2357955559
959164093
1148309652
21522163
936839150
358391821
2857146674
194458207
2726510848
24628294
340077105
2997612182
717183815492485120
1147431853
20505533
18942450
96176158
252767227
43135184
1385225760
999015600
245081776
111986793
608172906
2381087703
358912001
136035145
414108521
34037571
2601311
15997777
4783910839
19235158
818201720043892736
15367442
15151969
21025855
85072628
175694391
40001197
61784749
706803
1249750429
30278532
20636365
2840444723
35738491
4818214831
841948309879160832
253778504
2916305152
2239151282
83554234
776071070596169728
736185001457287169
14472674
827403067083542529
354981589
102951066
2210924092
70599229
964934504
943854872675233792
48776799
884470379611402240
220022654
409257224
922195216832122882
61208162
1873450410
1127583613
849320650934235140
861443965106753536
868149352849711104
21943729
629514737
175066397
941905797075709952
950940992
2826660846
18635626
889840117225062400
48351697
556802835
97156238
932539670
769224605395542017
134890588
1020994339
928026097266118657
890973085708546048
742751416251523074
15937643
940167585928241152
85855850
311263127
53093694
909757806697381889
2899109548
2323664022
949841159056175105
739253766197649408
269761415
3310754924
25066686
785147525468528640
57894897
918547794549407745
2577185611
782642709131427840
3293298319
2937005427
541959290
2358609623
446322253
529382111
876886453397188609
16816972
862780933367312385
4821253223
4548271286
2418683389
1017290756
752042762082590720
4876269944
958761684
932228656281341953
320811543
71795203
41375601
335784630
2476701752
535932595
1162891561
152412430
45554005
12020672
874411760689700864
923473150947536896
15596431
382008044
797437484363902976
3260543773
3034244121
1039296595
1130435971
3060836348
967259312
2778394970
978074042
931642294838710272
735391462414766080
794649839720087552
3143510609
895182546027282433
42417984
957257383251767296
4713989308
956549642241519617
3266526451
882800541646106626
14501862
379498333
744570689747722240
14137918
880861239039197184
2805867506
2480179837
941925100533645313
16040272
259300909
36043046
201844748
196695675
104559249
126612056
61426853
957864121449549824
17230018
965890152
61740777
1896261774
1627247324
502090245
321454386
11299932
91396441
4774804054
457679192
950659160638676995
28209016
91673645
2593557847
16153977
179361777
1323340710
2733320850
595953372
2711212681
314775551
73629490
16584467
97283959
7261272
21929099
23136101
23478246
24425149
24594670
25165065
26964987
28166828
29018768
29488879
29641374
29650732
31266938
31935512
32718488
34282709
34343816
34709013
35610820
36141259
36664331
38714766
39001459
39580517
41990597
44659370
45070836
45496039
48280977
50733505
52379674
52484614
53925101
54380630
55647338
56554540
61315223
65036724
65614082
72811901
74887389
85790119
88822941
90193064
91437999
92162698
93257010
93483478
94704003
96196608
101524268
115253191
115930154
927854442329858048
63066848
869493271
16183272
727254351228620800
1600092678
136002661
143879476
154981289
159512146
161463174
167076749
171708003
172437312
180505807
182786166
186576867
191920757
192955474
193633018
197962366
212855070
223527899
224623149
238354681
255136721
256628776
272443929
278617249
318622246
358906545
384859207
427059209
446506935
474071953
478245845
495086976
568503849
594054036
611739328
714985562
724891783
743596616
753149816
758518213
838852608
1161840631
2234501989
2361413834
17543438
22651134
33612317
38329264
75263523
130019077
166382029
228918333
326119501
955221
1159251
40927244
633
649
765
4816
4999
10178
10297
11489
57203
61233
609543
662763
732773
746323
856220004290834434
32875790
119068103
422187471
805451353598337025
17915334
407329869
242053391
332069145
250831586
636638855
838497174631690240
2408131567
242100723
227139883
404118054
271642524
238763290
42384760
1460954688
83738272
1593970471
1142582047
465576082
80486285
327555798
589211155
724278510244622337
131948686
378330165
4360590312
54255905
209290205
1270359475
18336787
216533096
42527213
343744605
87874905
2208331252
716316785830662144
225654365
40519997
602939430
3383587455
252115684
19564719
3282859598
27698202
498470505
2207218507
80188058
43240316
20177956
294358942
42468577
2995207581
3418452074
315606728
1132742275
799613466893922304
2584213500
139237338
66434170
89544034
727601095
58667088
206717297
787156858385620992
169723248
349236053
153307097
305133386
27660145
79808897
17074822
3405077903
181700537
3351335554
564193993
278221495
26294981
224221596
2545680959
19769025
2765267240
301025172
95749490
4870891048
72475439
279225777
3177538772
606580913
3415505473
3943352592
256162494
263482074
3239406169
50342372
1109902279
17878322
756604279222394881
389257384
47972741
243333479
3310143154
1115974465
395490965
140579279
3017985280
40592900
305964349
2319658416
4848183891
113092130
54280688
181021761
139293554
116485600
275209910
106767235
2712049217
62902439
19028953
277161300
1064042478
204669544
380730306
843520795
2966520862
591128626
2251189969
20148352
2377225897
81756964
281264795
416006433
106246985
436496990
581989226
316738505
240525629
157496405
119841736
304192388
110613437
1393294068
322162628
165586474
2744578294
51404605
244727125
116995753
279098520
341728138
317467466
490982728
586671909
63796828
91279325
545960393
280337643
541377382
28377712
42519612
334297027
123047487
229738280
192387708
186099410
51742969
2434093554
17451655
296427730
119234601
158843843
45055696
33611692
124549286
59889953
1700014848
297757789
100680669
254866018
48332693
702122258
2502209837
442545390
1444316371
74069023
138166066
23682680
425565992
101658094
2462666674
589646492
288453808
171116456
170886667
615547619
290110017
140507499
1396161031
344974708
86399679
193512869
34430522
602884368
53853197
50811932
1059194370
1293476250
35982046
551911169
214452623
50334892
237367122
34650411
555688860
190110129
1859053950
100667914
1671098418
197256170
2208275663
418456919
42991343
251886464
36767394
138445784
1154594954
2298575601
1037351642
221949216
270157183
324790116
345496551
276265874
774394926
595098008
312911763
115518209
29086320
395022713
379323597
625628426
633911538
2292802956
93324405
49537362
249849009
328611855
302944756
253292539
294213664
234070561
226424160
1242070536
47452064
902671016
38292709
49448971
707212307
30545313
40330420
459866400
240539364
245183706
349763999
757185822
348909276
243265312
99654324
344773930
29805206
325283233
59269415
411825615
82512367
455354656
462677929
342391524
25638291
155459681
975106669
232948799
130980458
308764908
159366124
910653842
33740775
277653260
126702369
1457034554
238276224
23236538
19426551
216392189
1968930571
447667287
570878720
21421697
897668840
37041552
101142406
195985229
222712142
49481447
222676440
18883414
163771297
93986796
53921377
281276011
251953295
369931991
25389599
68998155
146438351
361275891
338778603
244628275
59906292
129875704
1193390317
158229171
469966384
333785591
326568020
66435988
354383135
514669118
110938871
390875864
1375656696
224644693
586703832
1080804042
379452065
363415109
308266921
243947382
65261734
208283680
381116400
263279382
1686292921
139486059
40101750
1724291479
189190266
275808337
185737367
42813442
123114495
539598028
408949464
464364182
1480132122
98716276
324734732
97631166
436097501
23006784
228980368
450310773
941309202
278098811
47469436
528650707
460149133
131963880
490537977
274316121
429062310
1284752712
814036650
58874397
603236991
264029018
362229714
17301863
29530003
88475516
72093689
462090844
261993262
194119618
281072145
1253295216
276754539
30746828
1636348512
38128215
79643637
81411568
250473876
136023100
56937131
285806513
55377522
30395398
42562446
1005804776
69290571
67974410
164818674
40585472
240948617
369018649
399519964
230764587
1468782198
867185995
235814698
276765772
423708842
165508232
499326743
306377922
207613193
85213236
164865544
334147286
329414795
304104871
1164400717
433394787
339419013
284360075
787003280
185801589
323323736
339250359
30942820
292359364
97533570
472634316
385119929
323658947
317233309
316262425
452648903
952001808
1173590294
1461020654
168463451
465197987
303559329
324737908
248840047
289014040
145319149
77117012
21150433
22784771
776181960
1301511481
214507046
422882175
40796938
37866059
204201294
498224424
577828545
289113886
560489253
320559597
401754499
617636831
90101880
552192538
305136194
150717201
28932387
567403738
42089355
93572208
307946712
284097530
112308586
168558687
55425955
994244286
411545738
470791504
245666952
154757069
314131672
76484730
1191765258
331831399
534947692
21605656
233303277
114042834
250218489
372458684
337438831
317573990
16302242
236629774
490103726
75575036
288576562
614459740
346019577
125444485
265477179
63257470
1191371641
1183042964
439659385
31048694
246597473
474579416
36418935
222270760
131177906
254627440
290806357
308254304
468838540
602478259
339185446
842420706
252266942
333123467
226385015
232774981
587896048
219779239
257273726
72745187
349719397
383084788
308553469
393113929
121666316
270756360
133494538
200936243
471524287
281350431
163458722
377372686
27195114
1057255670
15803033
279655974
58299474
190700081
331129724
236991169
18041279
169914891
190155347
480460805
164435309
398347995
335781754
299521410
505000975
314092877
296439197
61817809
887877912
197588660
216504199
1009244510
216073310
233443413
166765028
17461978
232062748
240804922
1034211002
492828897
42139293
38004310
540216085
132389474
349490723
318836462
196673122
314600350
106883908
57924385
193156781
20322929
476204143
349352906
23151437
50495186
304182179
41036429
231333818
174096457
539234559
283089145
35853420
609255075
244732185
560468567
23083404
286210158
429457897
265094329
97344065
122734482
126764924
38604563
96300433
316794909
285732596
105700368
337538661
396102425
520868167
140978903
296323535
317370751
291625004
240351454
55426548
92186563
27928174
145395116
336364554
23518104
383870150
978851078
57817369
215127371
285759996
289878161
342165503
116362700
33995409
38470686
425868998
540122294
114471487
320513688
292573575
138189425
134464211
84936530
284212723
20567939
295726276
83719390
334421816
271678113
56854084
113843730
453463709
492603925
64892734
262439432
261370815
420075268
274928654
765052422
58366603
249792520
323393186
159941383
40687298
35936474
486318626
605834440
255112026
144595613
165988343
314719827
463966111
16214870
258514663
430351359
478278013
424681434
355949818
45468295
237060120
104031110
70539853
493642281
314810364
287504183
208869242
978402103
133597418
172092557
136880563
269151092
227514907
32811018
23404749
254599466
230635591
231970901
125051400
130750729
134916710
326315029
255106607
42111238
132797342
33345187
187619689
325655974
60476394